F1
0.731963412727097 6.176621913909912
0.198155404498626 6.170668125152588
0.46508948687454593 6.175564289093018
0.7808852742102205 6.159886121749878
0.8407665252887824 6.198042869567871

0.027811861370752325 4.8435728549957275
0.10677201872924404 4.819730758666992
0.6672225035727449 4.853456735610962
0.7491989260910819 4.881425857543945
0.13378199094335677 4.9101715087890625

3545976.513210934 13.446812868118286
91129.78358493207 13.539210557937622
86268.76987423764 13.445024728775024
67726.62454566578 13.373355865478516
82711.81148684096 13.386866331100464

0.15956723339096718 7.339029788970947
0.5454728600032327 7.263211965560913
0.8875988960756614 7.266154766082764
0.3397298288647293 7.2324748039245605
0.2224613062195522 7.355942249298096

F2
1.1163335433662839e-11 6.193172931671143
2.0233114660589916e-11 6.174487352371216
2.061174897455882e-11 6.207537412643433
3.264064446408318e-11 6.310957908630371
1.1618503122302873e-11 6.231159210205078

5.388152229345162e-07 4.7906413078308105
3.07674416709149e-07 4.800548791885376
1.3599571569547228e-07 4.801408767700195
6.078023879346117e-07 4.82884955406189
2.0424183447840063e-07 4.865499258041382

4.264759453897671 13.302566766738892
166.25784294890678 13.458932161331177
177.71723953075235 13.324947357177734
0.6443020530119614 13.318662881851196
0.21882630019743404 13.443569421768188

1.29364185386606e-11 7.391083002090454
2.2781694314935134e-11 7.428995609283447
2.250426727122177e-11 7.366034984588623
1.760373441823021e-11 7.386210203170776
4.0636093560244036e-12 7.332070589065552

F3
1.1082640825974413e-05 11.319250106811523
4.2355675015821976e-05 11.304636478424072
3.5645933214051535e-05 11.354755401611328
6.351194499849934e-05 11.384263515472412
1.0362785733640646e-05 11.344612121582031

40.026751217265335 11.039377689361572
56.25908522600065 11.064351797103882
19.414761418045874 10.075154066085815
7.762582652311837 10.023395538330078
14.892436225696219 10.114532709121704

15079.517665706364 38.54695129394531
14060.79448477488 38.370866775512695
7614.155246850698 38.662336587905884
9860.388371268182 38.57102060317993
16187.315163373121 38.90388107299805

2.6113048677817655e-06 12.518128633499146
8.708534585682889e-05 12.592795610427856
4.320398537395319e-06 12.595959186553955
7.216831105291779e-05 12.590403079986572
2.6635145616823055e-05 12.622249603271484

F4
1.203828515230141e-05 5.722428798675537
6.894635534275592e-06 5.748982667922974
3.0484768192588884e-05 5.757441282272339
1.6407721472028994e-05 5.753551959991455
7.401955577396565e-06 5.77756929397583

0.0015690056375071877 4.348978281021118
0.0008516126385418122 4.412938117980957
0.00112621722668108 4.353695392608643
0.001282132192028226 4.352652549743652
0.00044118122609373083 4.383957386016846

38.339981760835514 10.663791179656982
33.37556960207884 10.723498106002808
40.606757317449464 10.611413955688477
40.14764259171798 10.726828336715698
41.534345608402475 10.691297769546509

2.6053286639909304e-05 6.965030670166016
2.8339684424737846e-05 6.855208396911621
6.42669026752237e-05 6.9102959632873535
4.865086086103393e-05 6.956408262252808
3.0328630371336667e-05 6.94860315322876

F5
3.2863711966894825e-40 5.536365985870361
2.005276831906405e-41 5.5095109939575195
1.0497140376330454e-41 5.5174009799957275
3.759563465231766e-43 5.50605845451355
3.90272905982889e-42 5.500086545944214

6.255690181554466e-26 4.111431360244751
5.952433068811803e-28 4.070994853973389
2.547639342715584e-27 4.071827173233032
3.414562809898857e-27 4.065537452697754
9.268260301114028e-26 4.080340623855591

3.7172781082571613 9.674932479858398
174.6605319088426 9.563529968261719
5.296461328320572 9.555285930633545
47.50325850499718 9.635610342025757
1.4770395628967588 9.582619428634644

2.1479672552047115e-39 6.638512849807739
2.3630138409163275e-40 6.662481307983398
9.477940653688786e-42 6.700061082839966
1.3753363073368759e-41 6.703572511672974
1.8498209810129174e-40 6.66659140586853

F6
5.7384505444481196e-12 5.886451005935669
1.1637203087197263e-11 5.889763593673706
5.015611014742783e-12 5.838704347610474
4.032941736319157e-12 5.867167234420776
4.082119961871694e-12 5.879204273223877

1.126122433440303e-07 4.427947044372559
1.4473004996240155e-07 4.449825048446655
2.0387616074491742e-07 4.460902452468872
2.2208520246901197e-07 4.428384780883789
4.6142037420541395e-07 4.4143757820129395

1.4883107067309518 11.134502172470093
0.6127399322975778 11.04032301902771
1.2498994703060198 11.10830807685852
0.34053592919639936 11.045323133468628
5.349253800792618 11.075202226638794

1.1545901995696778e-11 6.983370780944824
2.3913404456920717e-12 6.976356506347656
3.1207582842778096e-12 6.989539861679077
1.0420545513862529e-11 6.997718572616577
1.3521017573912546e-11 7.010559320449829

F7
1.5788703677799276e-11 6.101426362991333
2.7253754808498343e-12 6.099876403808594
6.587130840784994e-11 6.080384969711304
1.4218404231769455e-11 6.117307901382446
9.93383153513605e-12 6.095928430557251

1.4492752287154076e-07 4.6207592487335205
4.3702517604771174e-08 4.588198661804199
5.547544335016141e-08 4.602175951004028
6.181999312460107e-08 4.587159156799316
6.84754160040768e-08 4.598856210708618

1.6580476026340958 12.153242588043213
0.23361409245094622 12.160331964492798
0.4658614382065456 12.236127376556396
2.603004894271447 12.184079647064209
0.19464829145433216 12.118303298950195

1.0488054869028929e-11 7.480630159378052
3.3221869699673334e-11 7.2364795207977295
2.6329605162800362e-11 7.254393577575684
1.1976641900446339e-11 7.22782564163208
3.420597138870107e-11 7.2620580196380615

F8
0.0 6.201198577880859
0.0 6.267298698425293
0.0 6.2230165004730225
0.008313250287486196 6.215398788452148
0.0 6.210671901702881

4.218847493575595e-15 4.729556322097778
1.6653345369377348e-15 4.673914194107056
4.218847493575595e-15 4.672462463378906
2.740585536287199e-12 4.686688423156738
1.4432899320127035e-15 4.707236289978027

0.011528895727342392 12.41768217086792
0.22642747184626189 12.39281940460205
0.827055743198927 12.476220607757568
0.6521215483852469 12.443171501159668
0.8596923093071568 12.46537733078003

0.011539174701914678 7.290971040725708
0.022474794281829302 7.265118598937988
0.0 7.3131701946258545
0.0 7.316975116729736
0.0 7.26856255531311

F9
0.09987345532432446 5.522689580917358
0.09987334792415707 5.519677639007568
0.09987357951584307 5.5244433879852295
0.09987342876064276 5.4844911098480225
0.09987339205567705 5.559910774230957

0.20085796497804614 5.264114618301392
0.19993491126949034 5.212702035903931
0.20132802930984267 4.618285179138184
0.20057805937099818 5.205435752868652
0.20050130630185917 5.192978143692017

1.722967640361832 9.550316333770752
1.7081668594865123 9.530563116073608
1.6291237619527155 9.568536043167114
2.459711228541594 9.569604396820068
2.3095564393239956 9.516676425933838

0.0999200324496875 6.681484222412109
0.19991668120692996 6.746618747711182
0.20157589833090814 6.692473888397217
0.10019649015385505 6.67909049987793
0.19991615275841343 6.768615484237671

F10
0.7404367459896305 8.651976346969604
1.046495262484999 8.57860016822815
1.2030729157743072 7.8886613845825195
1.2476155114204073 7.769598960876465
1.4433194261000328 7.832174777984619

2.031496761206974 6.721051931381226
2.689852804317917 6.9167160987854
1.7991655143654075 6.620006084442139
2.1610245919159765 6.577259540557861
2.3313691866422968 6.487645149230957

410461.72715078667 25.527352333068848
2526255.9943953287 26.346522092819214
4587.0170775554925 24.568800926208496
5015270.414887019 25.425819873809814
2690607.142425119 26.97928524017334

1.669483396120472 9.115262508392334
2.1982425374406276 9.02208137512207
1.8868195446327758 9.070650815963745
2.238016325647533 9.085705757141113
1.6987239811041919 9.073899984359741

F11
3.2450512886003438 6.669010639190674
1.008815415376338 6.961290597915649
9.947598300641403e-14 6.492144346237183
1.3500311979441904e-13 6.504789352416992
1.7763568394002505e-15 6.591026306152344

2.248636832291595e-10 5.195355415344238
2.4224134840267197e-05 5.207275867462158
2.503202283676842e-06 5.155489921569824
1.7247793273611478e-06 5.191342115402222
9.998069927519282e-08 5.172027826309204

244.39927256334425 16.59891963005066
175.7491948585925 17.519049644470215
193.76635443636619 16.68533754348755
254.08726298426714 16.515622854232788
238.14002402689633 16.564128398895264

11.88093191693191 7.633772373199463
9.82233309547428 7.550314664840698
8.84277843763906 7.6416380405426025
12.111468154929977 7.632601737976074
2.1871659238878784 7.724941253662109

F12
0.046049884832293664 9.419108629226685
0.054952574801446934 9.453819274902344
0.04478410392020959 9.375255346298218
0.01297900813945176 9.34877061843872
0.04622831547130739 9.427550554275513

0.17141226146612654 4.858928203582764
0.23952394485694337 4.857731103897095
499344547.04945576 4.8543455600738525
224354078.6150958 4.8263866901397705
0.3960444987757769 4.848614692687988

1463450.1462992674 31.56731915473938
5367.124751514434 31.3437602519989
164661.41577123862 31.043914318084717
11671.470873222712 32.31563901901245
21813.90899289786 31.268500089645386

0.05197567715511989 10.773569345474243
0.18145248837343705 10.7852942943573
0.06749118842923836 10.78341007232666
0.06775907968182371 10.71355652809143
0.08561981548846687 10.820141553878784

F13
0.2501564420928646 6.451947450637817
0.00017701138806997348 6.483095645904541
0.2510933680402966 6.797125577926636
0.5001113015242865 6.966062784194946
0.7511257813523823 6.550867319107056

1.300515887028014 4.871440887451172
1.032664373972785 4.860137224197388
1.4889920283242652 4.908807754516602
1.7581850693215464 4.865496873855591
1.6684169318901605 4.8628058433532715

6.537205465876243 13.790663480758667
6.465349223700144 13.949429750442505
16.591479091328043 13.875110387802124
6.91414777720262 13.912384748458862
12.297918995532617 14.520339965820312

1.2985718323184916 7.6259446144104
1.0712453762008582 7.646997690200806
1.2934770052189393 7.586544036865234
1.5597774841920942 7.656224012374878
1.7722821586938118 7.717322826385498

F14
26.11972279093758 8.193260669708252
26.274395027627413 8.062618255615234
28.72764029701864 8.062275648117065
27.177503183238684 8.4648118019104
26.245995155500918 7.952730655670166

27.5066911700751 6.447083234786987
27.65287278956881 6.4279069900512695
27.78699793991476 6.473823308944702
27.7175400510922 6.468499183654785
27.508626664807608 6.398219585418701

196693.99676724977 21.84768509864807
2236.0030981473815 21.026106119155884
182829.95949010813 21.107381582260132
433144.7661017504 21.130350351333618
10218.876252168817 21.168286561965942

28.024898949881365 9.120800256729126
28.02192011235508 9.045612812042236
27.215008115801027 9.044228076934814
27.157875593485308 8.912424802780151
28.57286265923648 8.841387033462524

F15
0.015458749287979856 2.2620439529418945
0.015410168431780669 2.231449604034424
0.12421616115559742 2.2361533641815186
0.015402918036172775 2.2291364669799805
0.01542713901239301 2.2190678119659424

0.35796995470231296 2.241560459136963
0.13900536633828287 2.28328013420105
0.49373123242137895 2.265619993209839
0.16832961930532075 2.2928683757781982
0.07436946510875009 2.268507480621338

0.19201181932814837 7.6020190715789795
0.1931313418535643 7.7285754680633545
0.23817641190266592 7.6099231243133545
0.19987955889691378 7.664527893066406
0.18084342862285618 7.595431089401245

0.2355952039445306 2.545560598373413
0.13423382488484137 2.532766103744507
0.14208687601612713 2.5308828353881836
0.3068336204410156 2.5326902866363525
0.24913136412008408 2.5223324298858643

F16
0.00012107583640030839 2.744246006011963
0.0011083750046889662 2.728055715560913
0.0031407069929283438 2.7388792037963867
0.0024112965415614696 2.7328319549560547
0.005719195172478209 2.735788345336914

5.360682702187411 2.948669195175171
6.129189153071595 2.9711315631866455
6.667343239674146 2.939854621887207
8.375240871500024 2.923802614212036
2.336090616628862 2.9257006645202637

8.173088865172874 11.202669382095337
7.5056985788966575 11.597902059555054
5.566844635256368 11.089848518371582
7.113088851205632 11.031468152999878
7.939642040187202 11.07157588005066

3.4955753873041067 2.9382009506225586
1.8319572767531511 2.9101979732513428
4.0054951633975735 2.9577796459198
4.94755379324878 2.911290168762207
5.014480148441508 2.9032795429229736

F17
0.0033980006830027776 1.7344374656677246
0.005136128130784456 1.722452163696289
0.004088244893402759 1.7303950786590576
0.005013639008446091 1.7208623886108398
0.0027078246008294116 1.7354092597961426

7.235958129502634 1.90289306640625
4.149020961463634e-06 1.880812406539917
9.226889259271415 1.8751132488250732
0.48499459332584927 1.8947665691375732
6.63780424790114 1.8694212436676025

7.639409274629335 6.1456849575042725
7.214281117008671 6.269595623016357
5.5640012507711525 6.146983623504639
6.103114762363616 6.133037567138672
6.920412619830744 6.165478467941284

5.166737498626386 1.8830769062042236
6.473669577283401 1.8764855861663818
5.1640280765328495 1.8815631866455078
5.271060802752032 1.890000343322754
1.7344597008374283 1.8740441799163818

F18
0.0 0.48472046852111816
0.0 0.4817781448364258
0.0 0.4797182083129883
0.0 0.4797208309173584
0.0 0.47772216796875

0.0 0.26025867462158203
0.0 0.26033759117126465
0.0 0.2603030204772949
0.0 0.25531625747680664
0.0 0.2593064308166504

0.0 1.1988201141357422
0.0 1.1967685222625732
0.0 1.2281315326690674
0.0 1.3135228157043457
0.0 1.195772409439087

0.0 0.560532808303833
0.0 0.556506872177124
0.0 0.5545578002929688
0.0 0.5774886608123779
0.0 0.5604689121246338

F19
1.3492620050641172e-15 7.161647796630859
1.0275468407832656e-15 7.048438549041748
1.320589630008083e-15 7.003238677978516
2.2661514129709288e-15 7.051416635513306
1.3693268736084658e-15 7.020428895950317

2.5327743271781794e-09 3.5490095615386963
6.706019740729992e-11 3.671858310699463
2.5500664425705476e-11 3.678978443145752
1.0487187402472427e-09 3.657973527908325
1.5749364393044654e-10 3.6648447513580322

1.2263356414844928e-10 17.23362684249878
8.351241278711587e-11 17.28095293045044
1.3746548048771566e-10 17.256423950195312
1.5226673051535466e-10 17.376147747039795
1.7875629713033056e-10 17.291770458221436

6.668345781065194e-13 8.46362042427063
5.129858954112817e-13 8.38784646987915
7.10724764280604e-13 8.395463466644287
6.397225464007409e-13 8.794583082199097
7.55054721338601e-13 8.422157764434814

