[0.99, 2.5, 0.1]
[0.001784452296575978, 3.048202563931833e-263, 0.0, 1.5381137529299796e-224, 0.0, 4.4862280870861895e-263, 4.440892098500626e-16, 0.0, 0.0, 3.4964269101975733, 0.0, 0.3358821047055178, 3.7586565434103107, 28.82981117684572, 0.34736807658869573, 5.4034267014274775, 5.094712546991357, 0.0, 0.0]
[5.745067860851716e-05, 3.9923294200134125e-256, 0.0, 2.881713480805181e-221, 0.0, 3.0629790829986997e-264, 4.440892098500626e-16, 0.0, 0.0, 4.466920146136625, 0.0, 0.3337982712216656, 4.126698569993611, 27.204120767640582, 0.43243194835663123, 8.837564129242693, 5.0947714989710775, 0.0, 0.0]
[0.0006391676381324318, 2.600687358888956e-262, 0.0, 1.4189539581999398e-225, 0.0, 2.8403687772384836e-263, 4.440892098500626e-16, 0.0, 0.0, 3.3044834362098707, 0.0, 0.44573586075874355, 3.50439339804331, 28.030020548002476, 0.4068752638219584, -0.0024395126345950757, 5.094847022304951, 0.0, 0.0]
[0.0014093405693751393, 3.4176710485648296e-260, 0.0, 5.935417304060885e-221, 0.0, 3.212012068493485e-263, 4.440892098500626e-16, 0.0, 0.0, 3.091976421390469, 0.0, 0.27070010608339157, 3.2430220507686545, 28.69172363235338, 0.7051999540504301, 5.403423213480642, 5.0947079781230045, 0.0, 0.0]
[0.00012582581002062998, 3.842875349315308e-266, 0.0, 1.0800588335769368e-221, 0.0, 7.215498153909858e-262, 4.440892098500626e-16, 0.0, 0.0, 4.117785738046057, 0.0, 0.40437661096441446, 3.7275453931775164, 28.610768050678523, 0.2098676550557168, -0.004408056907678315, -0.0031454267884694076, 0.0, 0.0]
[0.99, 2, 0.001]
[0.003616008475867627, 0.0, 0.0, 0.0, 0.0, 0.0, 4.440892098500626e-16, 0.0, 0.0, 3.833484841346804, 0.0, 0.49934019724869166, 4.030844217144502, 28.046006967599688, 0.4189107644078294, -0.004327672717129971, 5.094710046322086, 0.0, 0.0]
[0.00010739116884828093, 0.0, 0.0, 0.0, 0.0, 0.0, 4.440892098500626e-16, 0.0, 0.0, 3.939727307353166, 0.0, 0.5543881485906078, 4.012061993955922, 27.75285955978494, 0.24341960122884432, 0.8638990427581046, 5.09470937145546, 0.0, 0.0]
[0.0011282962110349404, 0.0, 0.0, 0.0, 0.0, 0.0, 4.440892098500626e-16, 0.0, 0.0, 4.038959081406636, 0.0, 0.45526066221519207, 3.84416987926143, 28.678738905695546, 0.762831284032595, 5.403480066448853, 5.0947044035483815, 0.0, 0.0]
[0.0011596081425771785, 0.0, 0.0, 0.0, 0.0, 0.0, 4.440892098500626e-16, 0.0, 0.0, 3.703771374211335, 0.0, 0.31383189868685607, 3.7500107904747564, 28.701696357942325, 0.1488905449590865, -0.004396508527845455, 5.09474329088885, 0.0, 0.0]
[0.0015464274749396045, 0.0, 0.0, 0.0, 0.0, 0.0, 4.440892098500626e-16, 0.0, 0.0, 3.9242002503342626, 0.0, 0.486823225426831, 4.0000256144564625, 28.073145585641882, 0.3156509470966409, 5.403430130623198, 5.094703437527134, 0.0, 0.0]
[0.99, 1.5, 1e-05]
[8.658416287388171e-05, 2e-323, 0.0, 5e-324, 0.0, 1.5e-323, 4.440892098500626e-16, 0.0, 0.0, 3.9831835437900596, 0.0, 0.4437810430354105, 3.9174692398793294, 28.084267857445706, 0.28514042855120136, -0.003457280959032971, -0.0032553332681608538, 0.0, 0.0]
[0.0019331178811305971, 2.5e-323, 0.0, 1e-323, 0.0, 2.5e-323, 4.440892098500626e-16, 0.0, 0.0, 4.075653629067225, 0.0, 0.4290228241672928, 4.500010694479182, 28.676452261877625, 0.28807528440968566, 1.0307210845774328, -0.002530726962648444, 0.0, 0.0]
[2.298291697477861e-05, 1.5e-323, 0.0, 5e-324, 0.0, 3.5e-323, 4.440892098500626e-16, 0.0, 0.0, 3.864199963993683, 0.0, 0.4987502102370889, 4.11295840025559, 28.687021464162747, 1.0746236698818588, -0.004333591364492406, 5.094709976971826, 0.0, 0.0]
[0.0008602597935317702, 2e-323, 0.0, 5e-324, 0.0, 2.5e-323, 4.440892098500626e-16, 0.0, 0.0, 4.027094763882786, 0.0, 0.4123044742686323, 4.676661971401279, 28.681083079691597, 0.4516199729010939, 5.403449070913983, 5.094709104978317, 0.0, 0.0]
[0.0012823366853365048, 3e-323, 0.0, 5e-324, 0.0, 1.5e-323, 4.440892098500626e-16, 0.0, 0.0, 4.319244362343794, 0.0, 0.34920934349089067, 3.3743768482233825, 28.874379951180142, 0.24993804245461915, 5.403426660823161, 5.094704919481205, 0.0, 0.0]
[0.99, 1, 0.01]
[1.0951579625384511e-05, 0.0, 0.0, 6.802503e-318, 0.0, 0.0, 4.440892098500626e-16, 0.0, 0.0, 3.4238926306193025, 0.0, 0.4667134960815824, 3.4963142815663497, 28.849949665547918, 0.25772079115923585, 5.403425997392923, 5.094702866478905, 0.0, 0.0]
[0.0002373581335185504, 0.0, 0.0, 7.19686532e-315, 0.0, 0.0, 4.440892098500626e-16, 0.0, 0.0, 3.215216694460803, 0.0, 0.30785975806304006, 3.505049817444161, 28.68153604052622, 0.6479155364575657, 5.40342132198836, 5.09470470598862, 0.0, 0.0]
[0.00022414902044898266, 0.0, 0.0, 3.77e-321, 0.0, 0.0, 4.440892098500626e-16, 0.0, 0.0, 3.6365792143508253, 0.0, 0.4375788202516044, 3.9739778570192836, 28.850791388648243, 0.30110900313747635, 5.403428657803552, -0.0024966732472826436, 0.0, 0.0]
[0.0005044759545409505, 0.0, 0.0, 4.407e-321, 0.0, 0.0, 4.440892098500626e-16, 0.0, 0.0, 3.626694465917341, 0.0, 0.3408675826459338, 3.9983306253161044, 28.084469927382827, 0.7052005774463179, -0.0004246896366613129, 8.411474192538373, 0.0, 0.0]
[0.0014738647402097182, 0.0, 0.0, 0.0, 0.0, 0.0, 4.440892098500626e-16, 0.0, 0.0, 4.0643381225162285, 0.0, 0.36413278725955484, 4.157677907095506, 27.335917126847335, 0.198076685409319, 5.403423151461614, 5.094776149455721, 0.0, 0.0]
[0.99, 0.5, 0.0001]
[0.0005501902640826506, 8.4e-323, 0.0, 0.0, 0.0, 0.0, 4.440892098500626e-16, 0.0, 0.0, 4.122535968565461, 0.0, 0.4884042689812471, 4.22666111700102, 28.6814186107025, 0.2710440752366421, 5.4034692138253915, 5.0947077467023005, 0.0, 0.0]
[0.0005696450041960954, 9.4e-323, 0.0, 0.0, 0.0, 0.0, 4.440892098500626e-16, 0.0, 0.0, 4.03052426136911, 0.0, 0.41641055028880775, 4.25459586676731, 28.068718722401314, 0.36675652429487293, -0.0042569888120009836, 5.0947141207795665, 0.0, 0.0]
[5.5314401843031824e-05, 1.1e-322, 0.0, 0.0, 0.0, 0.0, 4.440892098500626e-16, 0.0, 0.0, 4.448216097729073, 0.0, 0.34667006442732073, 4.522180058639878, 28.656457962023836, 0.015792248261249586, 5.403453612345337, 5.094706842512742, 0.0, 0.0]
[0.0016261183398194046, 3.5e-323, 0.0, 0.0, 0.0, 0.0, 4.440892098500626e-16, 0.0, 0.0, 3.9396436296290136, 0.0, 0.43917614003687727, 3.9048062876820735, 28.680463641058836, 0.16871004898641795, -0.0039850051224323835, 5.094711059925528, 0.0, 0.0]
[0.001038921286696101, 7e-323, 0.0, 0.0, 0.0, 0.0, 4.440892098500626e-16, 0.0, 0.0, 3.5487079656334375, 0.0, 0.542109467573078, 3.7221776578860903, 27.912412388582872, 0.2464085975274406, 5.403424167870786, 5.0947194589300935, 0.0, 0.0]
[0.96, 2.5, 1e-05]
[0.002846017507085463, 6.023271931402107e-248, 0.0, 3.5589776409271527e-212, 0.0, 5.979896159910128e-249, 4.440892098500626e-16, 0.0, 0.0, 3.9359301986050435, 0.0, 0.33576052885030433, 3.0035599171798126, 28.819130417650882, 0.25398295164286644, 5.4034633392791, 5.095112814502079, 0.0, 0.0]
[0.0035350594571768035, 3.709514113819938e-250, 0.0, 7.281966388112616e-210, 0.0, 6.283224475174633e-249, 4.440892098500626e-16, 0.0, 0.0, 3.0139261134317366, 0.0, 0.4559507726843418, 3.7534405117608025, 28.85952103024694, 0.34946799687049523, 5.403452518238389, -0.002876280609880766, 0.0, 0.0]
[0.0002418074712573064, 1.2720745842527314e-249, 0.0, 6.26880357353789e-212, 0.0, 4.154381754951754e-248, 4.440892098500626e-16, 0.0, 0.0, 3.497017202346397, 0.0, 0.2669626459316487, 3.244848705494911, 28.640432602739576, 0.3067267268793623, 5.404098549807419, 5.0947553448202765, 0.0, 0.0]
[0.0009704042135655344, 1.0462834642316249e-246, 0.0, 5.623469137095443e-214, 0.0, 1.279330593579348e-247, 4.440892098500626e-16, 0.0, 0.0, 3.54450184510701, 0.0, 0.22785057639171355, 3.9936703402614837, 28.077820112937502, 0.43282522230478904, 5.403442100360422, 5.094712111542143, 0.0, 0.0]
[0.0010624287847015301, 3.7868994373239435e-247, 0.0, 6.525823719745201e-210, 0.0, 4.658091625255888e-246, 4.440892098500626e-16, 0.0, 0.0, 3.038880952684478, 0.0, 0.19781290237073829, 3.7455922963232218, 28.63129161188364, 0.5461635150632573, 5.403430863747143, 0.012349401488984668, 0.0, 0.0]
[0.96, 2, 0.01]
[0.00853280730923911, 6.494288943763214e-104, 4.388542998001554e-167, 1.348643181235583e-90, 0.0, 0.0, 4.440892098500626e-16, 0.0, 0.0, 3.5253914164462077, 0.0, 0.3381693596968721, 2.701965328350269, 28.627527271221574, 0.2552854972108509, -0.003283523893161444, 9.267912679765189, 0.0, 0.0]
[0.0007061581409891771, 0.0, 8.877904987962357e-164, 3.941587181813572e-92, 0.0, 0.0, 4.440892098500626e-16, 0.0, 0.0, 2.3056253091170755, 0.0, 0.33362484443141716, 3.199906022427483, 27.17107096724855, 0.36329686152688234, 5.1988136873922075, 5.094715679361006, 0.0, 0.0]
[0.0019132298209326715, 7.256907136498636e-106, 2.970202157534818e-160, 2.792067064995022e-88, 0.0, 0.0, 4.440892098500626e-16, 0.0, 0.0, 2.6551777604950946, 0.0, 0.2700949383880358, 2.527141314387078, 27.403851713519, 0.2924278966057132, 0.0074897305748340415, 5.094784327357494, 0.0, 0.0]
[0.0013951743661465565, 1.5157678535006588e-103, 4.176419551487725e-164, 2.1744158645568813e-88, 0.0, 0.0, 4.440892098500626e-16, 0.0, 0.0, 3.2271442335249207, 0.0, 0.18527727762340643, 3.291177028913865, 28.606801059365605, 0.6247351478568284, 5.403449132909725, 0.03742824653678056, 0.0, 0.0]
[0.0003995277702185054, 2.44307349680733e-104, 3.695979334321893e-162, 9.615084870477373e-88, 0.0, 5.5570989597774156e-105, 4.440892098500626e-16, 0.0, 0.0, 2.965723869102919, 0.0, 0.24312612756021462, 2.541162314908736, 27.192906059537503, 0.20745415095447184, 0.00966137836592651, 5.094870292317879, 0.0, 0.0]
[0.96, 1.5, 0.0001]
[0.0015026269284387217, 1.5381734319693625e-191, 1.8830866671029797e-308, 8.502963218224098e-159, 0.0, 2.3422055430066635e-191, 4.440892098500626e-16, 0.0, 0.0, 2.8283707194916228, 0.0, 0.22722098670920107, 2.762653728752695, 27.837077403514776, 0.25931749599592946, 5.403484309030466, 0.0030331104301080103, 0.0, 0.0]
[0.004298036811693717, 1.0618598553621823e-190, 7.324361521064086e-304, 2.774850665390225e-163, 0.0, 4.850654530165434e-193, 4.440892098500626e-16, 0.0, 0.0, 3.3241435399978645, 0.0, 0.2277041798476641, 2.5133390368490436, 28.641072972891678, 0.3355059470269057, -0.0007186637568885601, 5.094763099803315, 0.0, 0.0]
[0.002632638147904043, 1.2965740482682552e-192, 6.754750930451452e-300, 2.4792546153004916e-167, 0.0, 1.4841624826354048e-191, 4.440892098500626e-16, 0.0, 0.0, 3.682638340278398, 0.0, 0.2549133540873405, 2.8179725645577407, 28.053000382924342, 0.47744350315094186, -0.003105572141398838, 5.094857980121407, 0.0, 0.0]
[0.0035215476379755195, 6.075956400844939e-191, 4.712783918483038e-299, 9.375517297849212e-163, 0.0, 3.8638692792293635e-195, 4.440892098500626e-16, 0.0, 0.0, 3.0249819367226753, 0.0, 0.2972580194742938, 4.0056859239077, 27.188995016826233, 0.24045980614768903, 3.1291555874237664, 9.338684003912672, 0.0, 0.0]
[0.00042924698624158264, 6.846841052173146e-194, 3.7644747859139097e-303, 5.005921784794084e-166, 0.0, 4.972800981942125e-195, 4.440892098500626e-16, 0.0, 0.0, 3.0059006701727253, 0.0, 0.7968045326953973, 2.8712815920146157, 28.830379240350577, 0.359762348035491, -0.0016834924495743309, 5.094714091594907, 0.0, 0.0]
[0.96, 1, 0.1]
[0.00410906934694133, 0.0, 8.742248451423057e-69, 1.347122779509625e-37, 0.0, 0.0, 4.440892098500626e-16, 0.0, 0.0, 3.250944135767222, 0.0, 0.34116822334258706, 3.4597323277844296, 28.897809794638665, 0.33371236367852175, 0.43682593028559147, 4.794384239193968, 0.0, 0.0]
[0.0005323632818340363, 0.0, 7.438275763047918e-74, 1.8615582897001877e-37, 0.0, 0.0, 4.440892098500626e-16, 0.0, 0.0, 3.4151789352600086, 0.0, 0.32649776950381176, 3.1032241452141416, 28.704481554276313, 0.668060991239201, 0.3034501157943357, 0.13957908344877978, 0.0, 0.0]
[0.0029911521089173165, 0.0, 3.5447288982493526e-69, 2.4243544940013585e-37, 0.0, 0.0, 4.440892098500626e-16, 0.0, 0.0, 4.001986026111407, 0.0, 0.2930634899304831, 3.9677138302991324, 28.84184021191168, 0.509092466933228, 0.021430629215201336, 0.10099686289056464, 0.0, 0.0]
[0.0004713566559968463, 0.0, 4.031016634657994e-66, 2.2506582063604317e-37, 0.0, 0.0, 4.440892098500626e-16, 0.0, 0.0, 2.7660304335537984, 0.0, 0.18684552419425182, 4.68713781914803, 28.676804249883645, 0.2361563133369673, 5.403908238901623, 0.22429028275524843, 0.0, 0.0]
[0.0004018273806416781, 0.0, 1.3701274654540611e-67, 2.04901431302458e-35, 0.0, 0.0, 4.440892098500626e-16, 0.0, 0.0, 3.434638448415685, 0.0, 0.4414206958642999, 3.8519329056352003, 28.898344265401708, 1.3302858844254404, 0.007210688003944199, 0.012244278341043469, 0.0, 1.1102230246251565e-16]
[0.96, 0.5, 0.001]
[0.0005085609976451799, 2.973790676399417e-125, 1.851425398480033e-191, 6.371193408824708e-105, 0.0, 4.062345902119536e-124, 4.440892098500626e-16, 0.0, 6.649469143307985e-117, 3.217612107395812, 0.0, 0.19042934163942377, 3.483502699447373, 27.133442334727285, 0.4974497408820806, 5.403495617719075, 5.094714374235751, 0.0, 0.0]
[0.0016076649521861164, 1.6435570020473288e-121, 6.708692654734707e-197, 8.931633400634932e-102, 0.0, 2.0842996083020096e-122, 4.440892098500626e-16, 0.0, 0.0, 3.1377571930518116, 0.0, 0.2875643530174453, 2.265090853987408, 27.247026544356647, 0.49245299754129146, 4.263571689443762, 5.094733672199769, 0.0, 0.0]
[0.0009104550136294076, 1.2540377995054058e-121, 8.217588261176581e-195, 1.386821997045224e-102, 0.0, 4.876020691056593e-122, 4.440892098500626e-16, 0.0, 0.0, 3.187321201122721, 0.0, 0.18560107304257537, 2.5530391755635655, 27.215000828217605, 0.42267017151963904, 5.4035341581884255, 5.094904435775485, 0.0, 0.0]
[0.0016623287016155341, 1.788471199630606e-122, 1.4185278093037325e-193, 2.440399822733111e-104, 0.0, 3.80533211439366e-127, 4.440892098500626e-16, 0.0, 0.0, 2.1738617695325977, 0.0, 0.3362032859080187, 2.606038955578197, 27.277260146724487, 0.22039261999128446, 9.041729973549003, 5.094793741111968, 0.0, 0.0]
[0.0017463193360391926, 1.0344168338080153e-124, 2.1187517779225535e-195, 2.6608159157084004e-109, 0.0, 4.0693492096560224e-120, 4.440892098500626e-16, 0.0, 0.0, 3.5203607834214807, 0.0, 0.3896297067024592, 2.581771885244345, 28.81606816709367, 0.6477178806206565, -0.002783859419619006, 0.0050626448382029565, 0.0, 0.0]
[0.93, 2.5, 0.0001]
[0.006400075883278511, 2.8803554173178166e-111, 1.3864138104622465e-176, 4.946489732286267e-97, 0.0, 4.20927574198512e-112, 4.440892098500626e-16, 0.0, 0.0, 3.740916273240169, 0.0, 0.43314631396048714, 3.198546062358898, 28.641044238438617, 0.3044321873545104, -0.0009282162195116683, -0.0008791240438768, 0.0, 0.0]
[0.004554852403486076, 1.4601945891338872e-111, 5.321728189608324e-175, 3.251346291509811e-95, 0.0, 2.3589358175192888e-113, 4.440892098500626e-16, 0.0, 0.0, 3.3977190440222067, 0.0, 0.21661394329229125, 2.972581013177931, 27.204132005331477, 0.6019610698270839, 5.403511818367462, 2.132252069151779, 0.0, 0.0]
[0.001356258070277394, 1.881197413675384e-107, 6.559557906483577e-176, 3.2394686776595373e-96, 0.0, 3.594178618969922e-116, 4.440892098500626e-16, 0.0, 0.0, 3.474814919081507, 0.0, 0.2524328818975375, 2.412723381697516, 27.118025036618693, 0.48538145187809745, -0.003707432846201897, 0.008734781427357063, 0.0, 0.0]
[0.0037767465687335022, 2.4462706634317867e-117, 2.0607104988689513e-177, 2.228636543977622e-94, 0.0, 4.024246077811253e-111, 4.440892098500626e-16, 0.0, 0.0, 3.329693578127513, 0.0, 0.2548842557555554, 2.815449548091966, 28.843043397847744, 0.267995770468882, 5.403560750027909, 0.01452023894661636, 0.0, 0.0]
[0.0039815914062346636, 1.0734565336550684e-112, 1.1092145736341773e-175, 9.183846252148087e-96, 0.0, 1.9649494938253452e-112, 4.440892098500626e-16, 0.0, 0.0, 2.3515827314153763, 0.0, 0.3058321285298489, 3.0392306895670127, 28.016747038740235, 0.016123921323754953, 5.403508564785872, 3.8737086751438845, 0.0, 0.0]
[0.93, 2, 0.1]
[0.006306004612738669, 0.0, 3.5291061710929926e-49, 5.9408351880635414e-27, 0.0, 0.0, 4.440892098500626e-16, 0.0, 0.0, 4.026819087487253, 0.0, 0.3994864670609889, 3.0172616808123554, 28.096558058613496, 0.5121295547367333, 0.1754185559953978, 6.277765512895673, 0.0, 0.0]
[0.0013056375349430605, 0.0, 1.2601525143718134e-47, 7.646839349286426e-27, 0.0, 0.0, 4.440892098500626e-16, 0.0, 0.0, 3.9968328921782494, 0.0, 0.5016823424618188, 3.9970288941317764, 28.886708148880828, 0.022819923168200695, 3.734646991624512, 0.0936519215590721, 0.0, 0.0]
[0.003910759158659238, 0.0, 1.6093417567344657e-48, 2.067563204151032e-27, 0.0, 0.0, 4.440892098500626e-16, 0.0, 0.0, 4.022520311502848, 0.0, 0.4128649927772366, 3.9113153490231616, 28.648727801815205, 0.5491308676852023, 4.588891158272873, 0.7383835986576326, 0.0, 0.0]
[0.0003843358111235151, 0.0, 2.894958990794722e-48, 1.3781279637193055e-27, 0.0, 0.0, 4.440892098500626e-16, 0.0, 0.0, 5.355631713392593, 0.0, 0.41473183926698526, 3.708204738726815, 29.0, 0.3004182770997059, 0.13503075232621775, 0.08879462188992449, 0.0, 0.0]
[0.003308720691226252, 0.0, 3.8827251824117977e-50, 5.843506003994759e-26, 0.0, 0.0, 4.440892098500626e-16, 0.0, 0.0, 3.2790513463297124, 0.0, 0.45247401566844564, 5.005515101796093, 27.662442917442892, 0.14141781780210438, 0.09129685781839036, 6.1565127732507765, 0.0, 0.0]
[0.93, 1.5, 0.001]
[0.001999323730856095, 0.0, 8.139040247474266e-127, 3.5103730581137564e-68, 0.0, 0.0, 4.440892098500626e-16, 0.0, 0.0, 3.471010588024661, 0.0, 0.24414051655176444, 3.713829379448854, 28.82448134430757, 0.14703031749361362, 0.005203066860259398, 5.094710147726301, 0.0, 0.0]
[0.0013567613029581427, 0.0, 6.106269322769168e-127, 8.10959360561028e-68, 0.0, 0.0, 4.440892098500626e-16, 0.0, 0.0, 3.073694151385884, 0.0, 0.17585711889321315, 2.748000460167332, 27.247150884876437, 0.22633288821157027, 3.0831328771877073, 5.09475285085788, 0.0, 0.0]
[0.0006810604784204255, 0.0, 5.719999676616384e-132, 1.2990560088831672e-66, 0.0, 0.0, 4.440892098500626e-16, 0.0, 0.0, 2.425042505011065, 0.0, 0.15431726335762522, 2.4344000365733156, 28.830953508290435, 0.25688180333967425, 0.004644220425621626, 0.11611807372707617, 0.0, 0.0]
[0.0033180231961679185, 0.0, 3.2577381797880997e-131, 1.6354169112593423e-69, 0.0, 0.0, 4.440892098500626e-16, 0.0, 0.0, 2.8021481013454306, 0.0, 0.6962156807445858, 2.8975313027303127, 28.061072007064475, 0.2588078471945998, 7.0956792295931175, 0.0016717807460580048, 0.0, 0.0]
[0.004710983911277555, 0.0, 4.3302272622227683e-125, 4.917985789782079e-69, 0.0, 0.0, 4.440892098500626e-16, 0.0, 0.0, 2.4889232198778473, 0.0, 0.24643585872483495, 2.787663421245402, 28.833423418552417, 0.01651703401527982, 0.0020849380151179986, 9.267911306034783, 0.0, 0.0]
[0.93, 1, 1e-05]
[0.0021514933921936708, 5.727791681164254e-129, 2.4954590863410103e-209, 5.000857808379846e-108, 0.0, 4.802296048616173e-127, 4.440892098500626e-16, 0.0, 0.0, 3.808616702433481, 0.0, 0.7088321914648635, 2.7615306407444518, 28.658811309974308, 0.524934881062455, 0.008929272761708518, 6.442819013477168, 0.0, 0.0]
[0.00047266252115374385, 4.08107845332156e-127, 9.405340031835285e-205, 3.7519209559967455e-111, 0.0, 1.47658513617848e-125, 4.440892098500626e-16, 0.0, 0.0, 3.588403322406192, 0.0, 0.3096694859405007, 2.3809456883496227, 28.823346069125215, 0.12110877360452221, -0.004291248271984571, 8.755929074435269, 0.0, 0.0]
[0.0017026221163578734, 3.167290851662648e-130, 5.409898149484475e-201, 4.5848126966633795e-109, 0.0, 1.133956923859279e-130, 4.440892098500626e-16, 0.0, 0.0, 3.4658832098525347, 0.0, 0.4116689673643814, 2.279235315114528, 28.81398502670448, 0.8480179121677107, 2.5975126924740666, 9.267909206219732, 0.0, 0.0]
[0.0005748198115033132, 8.919874687289892e-128, 4.035126126375532e-205, 4.0247001178739294e-110, 0.0, 3.439878042980433e-128, 4.440892098500626e-16, 0.0, 7.081969084148008e-119, 3.283456634171035, 0.0, 0.34316973951232127, 2.9595086620745708, 28.03177580585702, 0.29521421479021637, 0.007804681855251516, 8.415421434910602, 0.0, 0.0]
[0.004624931534730092, 1.2854653113322631e-129, 2.404243086565838e-205, 3.728007137711184e-110, 0.0, 7.718398666318674e-127, 4.440892098500626e-16, 0.0, 2.4927282352082745e-120, 3.0438933157999264, 0.0, 0.17693714515848794, 3.4969926013775643, 26.9094910934139, 0.3619314224359327, 0.0016545539251762165, 5.949106277278949, 0.0, 0.0]
[0.93, 0.5, 0.01]
[0.004692764197162358, 0.0, 6.548375965087478e-67, 9.631608757476891e-37, 0.0, 0.0, 4.440892098500626e-16, 0.0, 0.0, 2.7605590553231876, 0.0, 0.3141552600263798, 3.5747607287669845, 28.63665395664601, 0.1481096113053102, 0.07515565833378446, 0.2568572665435749, 0.0, 0.0]
[0.0036990802766238007, 0.0, 2.2232080530536965e-65, 6.473048334982693e-35, 0.0, 0.0, 4.440892098500626e-16, 0.0, 0.0, 3.4268784842852917, 0.0, 0.43327091481347946, 3.6859776257264505, 28.873939025464683, 0.16430374286387917, 0.04730948993977968, 5.1145527974524585, 0.0, 0.0]
[0.0011716889847046552, 0.0, 3.5684064956923925e-68, 4.635957297058711e-35, 0.0, 0.0, 4.440892098500626e-16, 0.0, 0.0, 3.2503460491632774, 0.0, 0.21626929458280875, 3.208460653725017, 28.671105967304488, 0.27706318643782435, 0.05173728074972317, 5.095184202517254, 0.0, 0.0]
[0.002528167404571624, 0.0, 3.532748744044855e-62, 1.2669433409675295e-36, 0.0, 0.0, 4.440892098500626e-16, 0.0, 0.0, 3.367454573291353, 0.0, 0.30968468933812504, 3.6132091789962932, 28.19639992784475, 0.21096172463506901, 0.5578436827204847, 0.37602693264992126, 0.0, 0.0]
[0.006994507069665756, 0.0, 8.287125139793209e-66, 3.027231785818716e-35, 0.0, 0.0, 4.440892098500626e-16, 0.0, 0.0, 3.5308708098636425, 0.0, 0.44271993709010543, 3.743406442948707, 28.5816837273925, 0.1859190241300528, 0.013567646449098802, 0.3544119368508465, 0.0, 0.0]
[0.9, 2.5, 0.001]
[0.0011324906632708132, 0.0, 2.997643137303976e-93, 5.5543065111484264e-49, 0.0, 0.0, 4.440892098500626e-16, 0.0, 0.0, 3.689733322991782, 0.0, 0.27003343172524763, 2.9259873021311553, 27.966507569488904, 0.2015393788568267, 0.015314202079718342, 5.099975776417529, 0.0, 0.0]
[0.002460378405598318, 0.0, 3.454306353558546e-92, 4.953376279441098e-50, 0.0, 0.0, 4.440892098500626e-16, 0.0, 0.0, 2.708698957365992, 0.0, 0.45988488933240973, 3.3794279089763397, 28.845981533786045, 0.2930570106032704, 5.40357787755495, 5.094952613797775, 0.0, 0.0]
[0.0038356340834161395, 0.0, 2.984497034303708e-88, 5.9184054440408605e-52, 0.0, 0.0, 4.440892098500626e-16, 0.0, 0.0, 2.985315000737332, 0.0, 0.19150082741871666, 3.490747944498573, 28.644542940980433, 0.4841349889376101, 1.4448397948285407, 0.3655423359219476, 0.0, 0.0]
[0.00064964422750724, 0.0, 4.42723239896592e-92, 2.040344204906956e-50, 0.0, 0.0, 4.440892098500626e-16, 0.0, 0.0, 3.426555900848266, 0.0, 0.21256989721465186, 3.255451967845857, 27.257714764718447, 0.28038435017071084, 5.6345016565545425, 0.008471619110638429, 0.0, 0.0]
[0.0010388234679355806, 0.0, 5.238432020418103e-92, 5.0364325290413714e-48, 0.0, 0.0, 4.440892098500626e-16, 0.0, 0.0, 2.4403664202194157, 0.0, 0.44904147668570965, 2.320295274475672, 28.102790342925022, 0.2735622743474919, 0.016576480259509196, 0.015023168524315622, 0.0, 1.1102230246251565e-16]
[0.9, 2, 1e-05]
[0.0010224969052758449, 0.0, 2.957879034921993e-144, 7.396698664677707e-81, 0.0, 0.0, 4.440892098500626e-16, 0.0, 0.0, 2.973916076912293, 0.0, 0.3548391420701694, 3.4814775452509057, 28.070378342937236, 0.25974700038724263, 5.403489941828254, 0.001029549585043199, 0.0, 0.0]
[0.004091236083263832, 0.0, 4.2389858433683344e-148, 3.3261069055597983e-80, 0.0, 0.0, 4.440892098500626e-16, 0.0, 0.0, 2.8948599978082403, 0.0, 0.756677635708706, 2.2429429188546375, 28.01059935217724, 0.04738466645372563, 5.404396846389392, 5.09560039169605, 0.0, 0.0]
[0.0017123346446643595, 1.8270055957198982e-93, 8.034285845473118e-145, 1.2390207964074959e-76, 0.0, 0.0, 4.440892098500626e-16, 0.0, 0.0, 3.20833268631673, 0.0, 0.20159326541183833, 3.117428266204545, 27.244961834999522, 0.25972370534949807, -0.0027270158359780083, 5.094819101272357, 0.0, 0.0]
[0.00659977542946566, 0.0, 4.37208814978955e-143, 1.0588571309357448e-78, 0.0, 0.0, 4.440892098500626e-16, 0.0, 0.0, 3.2896155032760634, 0.0, 0.20011955086484448, 3.5291126735463596, 28.604635172956712, 0.2941122484815186, 3.2139774276270394, -0.0016109785930460419, 0.0, 0.0]
[0.00020999744670369136, 3.940756408619225e-91, 2.8004751997757155e-145, 7.202857024344397e-79, 0.0, 0.0, 4.440892098500626e-16, 0.0, 0.0, 3.1710070276588915, 0.0, 0.3250553269921979, 2.6861132757296415, 28.01668204083364, 0.6341762225607859, 0.017051962411693822, 5.095218866643159, 0.0, 0.0]
[0.9, 1.5, 0.01]
[0.001776899469679738, 0.0, 2.0173783355464664e-55, 9.873830443132604e-32, 0.0, 0.0, 4.440892098500626e-16, 0.0, 0.0, 2.6323301675797257, 0.0, 0.4973582432523372, 3.9483391742495493, 28.175949544224363, 0.017783918308129643, 0.0703177788697733, 0.051124218054344084, 0.0, 0.0]
[0.005663423301738191, 0.0, 8.089966754976105e-57, 1.6969053815025827e-31, 0.0, 0.0, 4.440892098500626e-16, 0.0, 0.0, 3.647644478324412, 0.0, 0.3787211428590606, 4.230013739456745, 28.981049451504397, 0.27904009150327136, 0.05150300604065983, 0.5722761222689527, 0.0, 0.0]
[0.0033210790890256803, 0.0, 1.3110604382108807e-56, 1.3264026499957032e-32, 0.0, 0.0, 4.440892098500626e-16, 0.0, 0.0, 3.3765183644950705, 0.0, 0.37775661422816054, 3.3198119548267053, 28.900835166321123, 0.14809541108625446, 0.19156132529260717, 3.4375953508955677, 0.0, 0.0]
[0.0035340925073288343, 0.0, 3.5478169617164244e-58, 7.426250864969185e-30, 0.0, 0.0, 4.440892098500626e-16, 0.0, 0.0, 2.7221116203271962, 0.0, 0.30322910468052855, 4.045208294801235, 27.775084270300994, 0.305133784595371, 0.15090911808457008, 0.16630659049950225, 0.0, 0.0]
[0.0029308472177975325, 0.0, 2.717000539236085e-54, 4.345602290422747e-31, 0.0, 0.0, 4.440892098500626e-16, 0.0, 0.0, 2.2945249155418805, 0.0, 0.4789455409584018, 3.087167713684007, 28.71584362902207, 0.24454892393305672, 0.03553715349891107, 7.376404997910102, 0.0, 1.1102230246251565e-16]
[0.9, 1, 0.0001]
[0.0010513039745339015, 0.0, 1.2093316494838236e-108, 1.7334323116373587e-58, 0.0, 0.0, 4.440892098500626e-16, 0.0, 0.0, 4.369794568794567, 0.0, 0.35275286677904577, 3.5828511401107046, 28.049709391279407, 0.3062498604913535, 0.02041885069143312, 0.027429633825592603, 0.0, 0.0]
[0.0002483738730505447, 0.0, 1.1790253022075942e-110, 5.951339007130388e-61, 0.0, 0.0, 4.440892098500626e-16, 0.0, 0.0, 2.7893875723050887, 0.0, 0.3303385010612563, 3.5326557569629005, 28.067313686543695, 0.2072035683802147, 1.6020243114378836, 0.010748087412327578, 0.0, 0.0]
[4.9303526424737676e-05, 0.0, 1.5510705223821505e-110, 1.0164848818796313e-59, 0.0, 0.0, 4.440892098500626e-16, 0.0, 0.0, 2.754884910268987, 0.0, 0.3261368482864234, 2.9204265501170945, 27.052359840122957, 0.446119269949492, 0.014391753052622747, 5.094845559677463, 0.0, 0.0]
[0.0038359547234119934, 0.0, 1.5406582007782628e-108, 3.1923130843273693e-60, 0.0, 0.0, 4.440892098500626e-16, 0.0, 0.0, 3.5802168842194826, 0.0, 0.14301947423656805, 2.8661491467124147, 28.645287988683542, 0.4585305241412998, 0.07139748730605255, 4.251850414596389, 0.0, 0.0]
[0.007911316539068625, 0.0, 1.4076911203597295e-111, 7.106053272617367e-58, 0.0, 0.0, 4.440892098500626e-16, 0.0, 0.0, 2.9677952687375235, 0.0, 0.26128479551991207, 3.6296039658583714, 27.69562976251851, 0.0951518942771461, 5.403551295223716, 0.059913275178509195, 0.0, 1.1102230246251565e-16]
[0.9, 0.5, 0.1]
[0.008481293673149537, 0.0, 1.2476853778182368e-15, 1.2564022529342286e-08, 0.0, 0.0, 4.440892098500626e-16, 0.0, 0.0, 4.06707272049392, 0.0, 0.5892855877744223, 5.106674451038335, 28.710932872434803, 0.15482679902697782, 8.142338495033021, 7.526968651363655, 0.0, 1.3456671332789938e-09]
[0.0012587874556634349, 0.0, 2.4922703679742835e-16, 1.61956260530985e-09, 0.0, 0.0, 4.440892098500626e-16, 0.0, 0.0, 4.5160320619749745, 0.0, 0.6993863179523627, 4.198157517158116, 29.0, 0.03441204041009316, 0.5922326122154615, 0.30512561547953965, 0.0, 2.8215363379047176e-10]
[0.002905456651209559, 0.0, 1.5040899679194657e-15, 1.7718139825228256e-08, 0.0, 0.0, 4.440892098500626e-16, 0.0, 0.0, 5.004449879210669, 0.0, 1.611052450780233, 7.5, 28.904009250563313, 0.07106255088887226, 0.8311125767148919, 0.220877081814006, 0.0, 2.346469685221564e-10]
[0.0011805477803429332, 0.0, 5.614316796646644e-15, 8.20232363362743e-09, 0.0, 0.0, 4.440892098500626e-16, 0.0, 0.0, 4.475459233189997, 0.0, 0.7913587965186855, 5.017172478122843, 29.0, 0.24988456226971456, 3.062557028522133, 0.2514484442892524, 0.0, 8.888694225106519e-10]
[0.0052212295509114215, 0.0, 9.575086748851244e-16, 3.588950585706081e-08, 0.0, 0.0, 4.440892098500626e-16, 0.0, 0.0, 4.145705018957979, 0.0, 0.4372252902264389, 5.04439469773531, 28.755595469159854, 0.24402089492190138, 5.812599347092866, 0.08893390452645278, 0.0, 1.4900309874832374e-09]
[0.87, 2.5, 0.01]
[0.0026448225008089965, 0.0, 3.8015094968082136e-45, 1.925688431457168e-26, 0.0, 0.0, 4.440892098500626e-16, 0.0, 0.0, 3.5644254782142926, 0.0, 0.47288352466931527, 4.726709285426609, 29.0, 0.2229682693006616, 0.14009358238513947, 0.18602258473389988, 0.0, 1.1102230246251565e-16]
[0.006264545157216474, 0.0, 1.7333836896222176e-45, 6.057072995186095e-25, 0.0, 0.0, 4.440892098500626e-16, 0.0, 0.0, 3.8995993168033403, 0.0, 0.5689725935479493, 3.710650039009525, 29.0, 0.2745418105141617, 5.405080155970758, 0.12463933966015261, 0.0, 1.1102230246251565e-16]
[1.8311341465904185e-05, 0.0, 1.8565407889078214e-46, 3.4809620455144834e-26, 0.0, 0.0, 4.440892098500626e-16, 0.0, 0.0, 3.328248200787129, 0.0, 0.32784179539264535, 3.9352029744418586, 29.0, 0.41129393819202953, 0.3999314216647214, 0.026322996559946077, 0.0, 0.0]
[0.009672821109327656, 0.0, 1.9006590899308045e-50, 3.74215145568325e-26, 0.0, 0.0, 4.440892098500626e-16, 0.0, 0.0, 3.7067800238812847, 0.0, 0.40274923483825603, 3.978764123237067, 28.88691319300235, 0.166156372493806, 1.1160058861365378, 5.095771980737323, 0.0, 0.0]
[0.005189043530530291, 0.0, 6.382014561402028e-47, 1.4523718125200036e-25, 0.0, 0.0, 4.440892098500626e-16, 0.0, 0.0, 3.6359383231457274, 0.0, 0.3374156305471345, 3.431147417931309, 28.67359296962389, 0.16709145265675396, 0.02971561506286413, 6.830099237691055, 0.0, 0.0]
[0.87, 2, 0.0001]
[1.791237810444546e-05, 0.0, 4.8737879352683614e-88, 4.126522920652338e-46, 0.0, 0.0, 4.440892098500626e-16, 0.0, 0.0, 2.9639803954707533, 0.0, 0.35195139150826266, 4.185028214488532, 28.031019798309682, 0.2061220230070524, 0.004373127598004345, 5.095168971927723, 0.0, 0.0]
[0.0005675173633270525, 0.0, 2.034315027270969e-87, 1.3027991245095437e-49, 0.0, 0.0, 4.440892098500626e-16, 0.0, 0.0, 3.0220668233830863, 0.0, 0.49384282245310424, 3.2779997661640747, 28.841069741796215, 0.12834778969390515, 0.029255901204185975, 0.024552684547181514, 0.0, 0.0]
[0.0005941571350496971, 0.0, 1.1143870482590617e-87, 1.3144689044493009e-48, 0.0, 0.0, 4.440892098500626e-16, 0.0, 0.0, 3.4816182768745763, 0.0, 0.7768353694762784, 3.864337081214846, 29.0, 0.1865180160552149, 0.23958000179785088, 5.096708459370579, 0.0, 0.0]
[0.0036520623118887485, 0.0, 6.687782405477859e-89, 4.362421210458668e-48, 0.0, 0.0, 4.440892098500626e-16, 0.0, 0.0, 3.081773830319662, 0.0, 0.3714950576384597, 2.144214637453296, 27.802981870855632, 0.1577269352969215, 0.03091266406511295, 0.015081721107069512, 0.0, 0.0]
[0.0074544844691569745, 0.0, 3.3250254427740075e-88, 1.898409323590111e-46, 0.0, 0.0, 4.440892098500626e-16, 0.0, 0.0, 3.054442953101695, 0.0, 0.16110587255828152, 3.366953651999475, 28.017731932103686, 0.01646869275699281, 0.1641724513617593, 0.5261841325249161, 0.0, 0.0]
[0.87, 1.5, 0.1]
[6.65857479738019e-05, 0.0, 5.0229811188551755e-20, 2.025675087980393e-11, 0.0, 0.0, 4.440892098500626e-16, 0.0, 0.0, 4.552205858657807, 0.0, 0.6312903199024247, 4.962182359580711, 28.89041254060304, 0.26976480762764643, 6.941415444770273, 4.8963328021689385, 0.0, 1.4344081478157023e-13]
[0.0016115417780191432, 0.0, 2.1937507047317596e-20, 7.996081503227177e-12, 0.0, 0.0, 4.440892098500626e-16, 0.0, 0.0, 4.413854048908128, 0.0, 0.3947268414568627, 7.326815003380818, 29.0, 0.024476089512510235, 0.19770488976072542, 1.1105545646283925, 0.0, 1.3183898417423734e-12]
[0.0030186865221495385, 0.0, 2.147312810993741e-19, 5.360305524266366e-12, 0.0, 0.0, 4.440892098500626e-16, 0.0, 0.0, 4.004368221560001, 0.0, 0.5211164436018042, 5.4251962196734365, 29.0, 0.1696113990692072, 0.539432143174027, 3.8836322301944346, 0.0, 1.0249578963339445e-12]
[0.047364076902181806, 0.0, 1.2631332679067876e-18, 2.7104247986330965e-11, 0.0, 0.0, 4.440892098500626e-16, 0.0, 0.0, 3.8434537066564625, 0.0, 0.4574327858981646, 6.190954103127469, 29.0, 0.22093479096547997, 2.2522629791415927, 7.60300077466788, 0.0, 1.0615952561465747e-12]
[0.00977284625987973, 0.0, 8.81484950119578e-20, 4.645872826366327e-12, 0.0, 0.0, 4.440892098500626e-16, 0.0, 0.0, 4.554614303189914, 0.0, 0.7915129613895455, 7.5, 29.0, 0.35579590648750425, 5.459419649307565, 2.5060991041930443, 0.0, 0.0]
[0.87, 1, 0.001]
[0.008015138773601748, 0.0, 1.5153489544111472e-60, 3.838263496467768e-36, 0.0, 0.0, 4.440892098500626e-16, 0.0, 0.0, 3.0728265681942553, 0.0, 0.24442363482218094, 4.136682264851983, 28.93973294380472, 0.9968192474606115, 0.0324109612752963, 0.36474875726438505, 0.0, 0.0]
[0.0011114544057585496, 0.0, 3.593260071461885e-58, 2.1736168320988207e-32, 0.0, 0.0, 4.440892098500626e-16, 0.0, 0.0, 3.952560913855529, 0.0, 0.297082690640012, 3.3073667373047506, 28.883968919997482, 0.6276837862501461, 0.028735582984875663, 0.0441134769728766, 0.0, 0.0]
[0.004784926717017579, 0.0, 1.694177860202549e-60, 1.0619623307427976e-33, 0.0, 0.0, 4.440892098500626e-16, 0.0, 0.0, 3.3155378839866625, 0.0, 0.15034971455009746, 4.326606923748668, 28.035645138447872, 0.04090798421416597, 0.03932675567920185, 0.07670695737394873, 0.0, 1.1102230246251565e-16]
[0.003235955563143156, 0.0, 2.3172717525593454e-57, 2.2242071632693952e-32, 0.0, 0.0, 4.440892098500626e-16, 0.0, 0.0, 3.35368580955641, 0.0, 0.8675898651540322, 3.258826820624581, 28.873090868842862, 0.13819075450598417, 0.028094616623722146, 0.01333314031947097, 0.0, 0.0]
[0.0016902347424124775, 0.0, 8.05531814106057e-61, 1.2698989532754656e-31, 0.0, 0.0, 4.440892098500626e-16, 0.0, 0.0, 3.7530867626590574, 0.0, 0.3109248284620389, 3.445288141180506, 28.136802889184143, 0.2422552563696967, 3.8363509589639033, 0.0779417145207848, 0.0, 0.0]
[0.87, 0.5, 1e-05]
[0.0011840241108034277, 0.0, 2.6687172812122283e-95, 1.4729684100800525e-51, 0.0, 0.0, 4.440892098500626e-16, 0.0, 0.0, 2.8067832656115166, 0.0, 0.31384284625672737, 3.6113883000059754, 28.64904322394836, 0.261931543060971, 9.585588253439138, 0.10862806848121842, 0.0, 0.0]
[0.0020731145578412047, 0.0, 2.4180892858845663e-95, 2.811348551805953e-51, 0.0, 0.0, 4.440892098500626e-16, 0.0, 0.0, 3.816337687454266, 0.0, 0.3278080314686748, 3.108494646266536, 28.641161390987968, 0.25966093727655704, 5.404063535264522, 0.033772610594608565, 0.0, 0.0]
[0.002007464132994304, 0.0, 1.0820508374255624e-96, 3.4844369271147826e-52, 0.0, 0.0, 4.440892098500626e-16, 0.0, 0.0, 3.1518944598444274, 0.0, 0.32334993345808394, 2.669884346668316, 28.62707468496734, 0.01656573071741896, 0.037719758134324266, 0.11782706226254192, 0.0, 0.0]
[0.0020320434886170746, 0.0, 1.5986727105842086e-95, 6.4888860559663315e-52, 0.0, 0.0, 4.440892098500626e-16, 0.0, 0.0, 2.97281853414584, 0.0, 0.4184329532311619, 3.0662247709599226, 28.890082974533307, 0.25033297773540397, 5.40354820339337, 0.014380278179583428, 0.0, 0.0]
[0.001207196411951994, 0.0, 3.306643996225067e-101, 1.1121026470497518e-50, 0.0, 0.0, 4.440892098500626e-16, 0.0, 0.0, 3.019524493530243, 0.0, 0.23774874485876893, 3.108854070172984, 28.641757677469194, 0.2568092869467118, 0.016340769064044025, 0.023210858537417778, 0.0, 0.0]
